162.55182077258652
138.78657345082024
173.46153391823213
132.05627522369448
101.47822344500403
126.87813896390287
104.02671307053298
187.22392521305733
119.78938630962237
124.82066701956242
193.30428227008608
123.225538677453
196.82830443139346
145.2566095650008
142.45137562984894
181.05533551447866
174.71182675604382
103.89748616816682
159.62756172138222
195.79903182885857
174.20320013486884
113.59583809026583
105.4956096942514
149.93645308726002
189.92544546038704
121.75414719124495
131.73039262121605
193.32859037800637
199.5988102739762
121.87210297417926
198.24455466251118
143.35648508092652
177.94254587927935
195.52189317584674
181.10906879944827
186.9801584927738
127.46328381119862
157.15450147745793
125.04140000790422
155.41154222573851
125.55937074236479
180.8781934816273
151.85344577895196
131.64616002205887
140.2024822530233
185.71374965188411
109.39602304805803
181.2740904810356
184.91491276489865
143.81923808411807
134.3061768979216
167.79153436831092
167.84294955061642
154.79037766835006
106.25809871071367
125.06008092806543
139.43378291546068
198.38089940002914
191.43800446667063
111.61152686774702
158.55544068436913
137.85049166097122
108.6078482107401
164.17193734892123
177.85622427110104
196.63630760172612
102.39224027796462
101.0793745631245
195.74221188983537
172.15719761672983
175.31754475243457
100.19548891854454
134.55841052871136
182.29816940927958
112.65156718223281
190.46202266600537
182.39111641268522
162.48584132716772
132.23688431285888
151.42896710171442
179.36616563370845
144.2539383692698
105.28027294990507
110.88195671402825
138.39970353478836
149.81115173595057
123.45536569727722
167.1222339031906
165.0651936759332
131.36198076484698
132.69505334762388
139.50332818843282
181.57238785585173
168.7944469142297
114.69480058843305
168.50432554520447
165.810989041465
114.83684591128866
173.4175023561005
144.9204578522947
187.99385900557678
142.89900713395886
175.78506276300106
146.67744519285256
164.64151522519595
109.55177529579925
103.26141826072649
101.32686551745115
152.48183080825777
190.9617526644077
194.17623072456487
172.45556107221728
173.29579472571714
190.58657496201263
195.4080487581159
189.04293210725936
194.82225015589634
144.04933597743673
196.44022026046957
198.22567133113841
192.5415453660189
166.3489714418399
188.82240306463171
123.98034048799357
182.49011602075944
196.42679716264587
179.71504701579624
156.9099404162344
146.21494809208696
194.59758234064546
189.46374001396833
183.62140317119707
165.5590161974696
139.4668810620902
180.04484613918848
188.1067541599928
147.17572853155377
152.694613682755
193.74339812780482
122.09140175311109
144.50250612852176
152.32814927945674
129.56875854639713
146.48887972507805
178.38062171826806
198.41643822007853
148.68303268817525
191.902081211226
116.59045602976789
148.2300399626329
179.5118309728411
172.53682602845018
197.27838214837402
182.65013477335512
188.2264414417898
114.94440827785758
171.5834988654019
100.1529407142782
190.9310341456441
130.68551554157773
196.72945551242105
100.30416143525449
110.15806855186975
170.30870944364494
132.42870017357907
194.79147297787097
120.16954103103889
144.96244281055112
180.6534213699734
190.76124792024785
183.08132893965188
191.51035369022796
161.65957409656517
188.58904654831878
150.97236129195971
187.1953851438388
137.6073551487367
124.20166573438081
197.9098627476934
190.69903664541403
179.20355395056134
164.6818445566443
150.21651787014034
197.86783261585293
120.49821500938079
135.12496368503423
103.32486579242361
152.42988713944604
162.30008862775816
114.58037878916252
149.20880445806816
144.7002453023766
165.63239823278587
189.39834006979302
189.65160052266623
164.5744059170241
123.23242920733937
193.4166780880563
177.50432989167865
149.0352668980584
109.30556149501962
196.15972937875475
110.60822664605689
178.94947760026037
185.57628377351114
122.58531451381702
101.19891877652145
135.10501231778116
185.1358772539211
100.90376218340957
157.38007158629836
119.24248130343844
104.66842344372898
138.60633672197935
142.64852445939275
182.25856811786505
110.34379304545115
121.07870212345664
124.47245981661037
178.8106925659834
102.99840791944337
112.03824445410193
183.56876761658992
185.22781961362205
194.18147112909062
110.52251046904966
131.7952309180723
175.93308172572594
116.22650834712957
185.26915033640313
178.46771857282272
152.50973086323498
126.71500284759509
164.06613099396532
192.43208999513016
159.09260528637705
170.53099207663269
103.01423531885472
130.36507163966562
197.94321002092875
131.1625252214974
198.63213893166517
140.54786739784487
179.86716767192834
136.98786275081278
134.34763128215621
105.75080798090161
105.55867654365356
187.99139151313676
172.15688325758967
158.88687534157873
176.007328315211
133.68621956846238
110.09684087068307
190.73649007823613
172.77845157837572
163.97747187160002
126.66423552227414
170.31542272747737
132.27891880734154
171.28230903791453
124.42784819539898
115.35230740153085
162.04612452204108
104.42975740003759
166.8190767137998
182.8616705390379
111.64866666197044
162.69544423918387
174.44901481860583
197.94300667128124
115.9629716327656
171.7833683436553
110.2886420796923
102.70591221492072
174.3909628539145
142.64888502862672
136.6619064688834
186.61581216138484
116.00960129100096
138.7640883308389
171.23985464172225
154.57441741486954
127.69390768404926
167.75881769611803
104.08716352454374
199.6934731552141
189.9309189255656
169.3275648537895
163.30077403924355
173.98998243848428
173.34272370126894
192.87454911541442
132.89355698866194
192.1255805108859
197.86255416579246
145.57629121560407
133.31427280807193
160.83226685412455
146.05872015228016
144.37305315264342
172.35832138732445
199.8112395298515
152.2768588809031
123.85749299384388
162.21208237675884
108.66109908576547
160.07187608335278
136.11098809887835
176.98693686153703
138.78625375068577
151.826616432685
128.24504840362837
194.33731716197298
149.2558223194451
106.50519303718214
198.73730426528738
124.62043921844705
161.22793889969677
134.16458346856925
114.60857678616811
181.5436227701347
176.82384336055705
169.14895673961723
118.06957615303592
189.35842201668265
195.23068362227258
177.81697254368837
163.47279107816144
153.39904402102897
141.3315012521701
151.20299240924194
103.23717908148802
143.12581764710285
120.30538740245797
108.18904234755323
184.87028052546535
149.82276848629618
125.4103475051119
130.56507916159592
130.29443798136415
184.7116207387029
155.55590347054854
187.78086284573587
143.39080534036185
177.4828464739336
144.29203447121125
186.24363272793858
132.00687047157533
120.10764904660722
162.48560295009165
195.69142583748706
136.6302673306563
176.28303346595172
133.22485081131413
163.47277055133628
129.51364820109976
142.9754790748629
189.3872051804173
126.48920921786883
185.24245384614818
107.26685519525994
111.82508941359652
170.10790051747256
126.56941422084236
189.0696910790425
109.26896140882387
163.52732893748598
117.79669299367865
198.26703615352017
139.8163723954663
121.87995259836848
112.06855577992646
163.4455167429439
128.27036286557407
106.78136832194515
158.64453907297903
108.62843418435128
103.61000008034601
179.08637454984498
141.55507850699703
164.2790651525895
166.52046414111615
160.28808058394458
151.99861947900237
199.33256160392085
198.17953128407294
142.29702807724962
193.4212178788299
152.12818832431554
138.3919593510732
109.26300576134923
180.4267672383682
119.85184965941001
193.68264615598935
199.6530909640606
120.4978646464264
138.46218202672162
184.10414149649256
141.97518673828313
160.9645517991514
148.06178221592927
101.2834668719628
143.33710828341265
142.73999003977792
192.28837197740023
129.6278534476341
196.45709189276153
127.04935831867724
144.53901301406228
177.62843883341517
197.79231681360966
151.71014667642208
188.70378487950688
176.84557660500843
137.12787016830785
129.4791109322184
107.57357972262781
132.4288947704785
127.26934777970703
122.56320640805885
148.19996853519353
150.9197664110019
191.40804089767113
114.59878205161715
140.22338351807556
128.60344240131712
115.27846407972547
154.23542667656702
140.54912399312104
156.82255766899962
101.40378515428263
162.91781670434094
165.73899600609994
189.4332883599791
133.52542445159236
183.5410058686325
152.0996519650344
121.97998982153686
170.73894319474175
196.36159086519552
152.68698531368727
152.18362190848165
142.90912254373347
143.87922147550216
140.30925486193297
126.98384310689295
111.61281994791798
187.36000671417082
136.09982093200628
132.6441912620612
194.15912389279163
164.2552869601584
124.34371680138659
151.3242305302521
122.16196495377875
127.97641008281153
145.98054541306715
190.04219976858215
120.69121077343422
129.31807105731932
185.569463448453
186.0960730766903
149.20402945258743
142.27987267288503
179.49028665666222
106.78063465446812
141.25907207982942
146.11776548966878
176.7680709804053
190.63256659426702
116.44182455927216
150.1640429361894
178.14676387278433
122.45516079355653
114.98026534008774
188.28666792252122
163.90080890138893
195.0187834207012
123.20571079075808
115.81563129607434
196.36190491446206
186.6027078574587
116.31456492644958
113.34617731619659
149.25134799925672
175.43853133801244
143.81243617554074
139.0356911312087
172.6466990089433
119.63486765760737
122.57284069885073
173.84312304976856
149.77479789191307
154.30756598994944
182.61857631009366
172.61680516059243
139.81141524815294
196.40922929251587
131.53455357749792
168.01859873620936
129.4811331847844
102.14633373582551
164.84665261319384
173.97930661285034
135.48929522013768
191.89179349734698
151.75204729981533
100.71234685173002
109.68118982308242
143.14532840959527
168.2620903383975
124.26965152432786
199.31187025899078
153.36355134100586
133.11972211233626
150.20589862695266
105.9233301485542
191.37619052901897
125.7791440047558
173.12407825454895
168.06400945979573
188.6244051757003
130.2862107933138
161.70755034044186
165.44890683537972
169.6017076746126
154.07388102548646
192.3006876998917
105.14683179974628
184.64750133796332
116.48772545807005
113.18230074101943
103.9946473117105
187.63778870387574
188.28239664323385
146.38302590480305
125.6765937273883
196.1371487807914
190.3806471140827
124.22989406932527
165.77009256680074
182.22058616671427
127.8623248746008
113.7583614109954
103.54770716782471
168.4434192129247
143.45151971230703
103.71408222917682
155.43820524470146
145.3318671546984
123.69584017926792
116.07372488784308
171.7879732287965
184.28656492696228
180.58256909050576
156.84623195273912
115.9272801794112
192.93574809048647
161.51221977179085
139.37285197541544
152.5341977313522
148.74436404844164
111.35083926468462
197.42640019581228
150.90227301751221
151.07994211882888
121.70810541203672
155.1171736243445
177.95627310496127
151.955540563446
154.63912681410994
135.94500733253878
115.72368827882394
161.31463982088826
120.64360984321375
174.2939643165838
188.4578860652599
173.9923889734368
124.13678867966988
139.2482321308957
125.72212834499948
132.38212795486578
163.49238063642352
192.81475743352755
119.48195275062164
121.35566972354619
187.30856463297894
182.47025137275114
155.6166514321198
190.13029153158539
163.7237211621483
111.40718658431994
113.24892657963731
109.54499838528447
115.40956200661891
138.93544884490896
128.90504376250158
102.60311361378021
109.29494030718936
138.20335247507
116.75607678040593
131.15774929135523
167.12449104379394
178.73372327044268
121.05415622694723
182.26131591255898
180.63201799148203
107.22784507453683
152.36589104936124
173.96968989801115
173.409293242386
171.67201320122058
125.31839659655026
192.28623594334536
150.4767439471998
170.9885586549615
172.3117040158242
178.45039712002358
116.11329948046287
115.30516769586494
155.0145298104587
108.92008157959397
120.67840265847059
150.373401896463
133.44870720518117
149.16663689596953
117.96001782991503
133.7492979403825
181.08090198562547
116.7957027250008
176.00820737265894
150.0560518095447
153.5784086492655
159.5267947367548
186.4646945507963
117.9807006377481
128.7492175781487
139.20897102362272
160.07452106380833
172.61386185976755
135.6747492458477
114.31949753688329
179.36677126984483
103.32353228210435
182.15697714659234
130.28692744519088
103.4170680042553
189.56105293256928
171.33991495854826
159.49955835981655
184.15534830814585
104.82930949763967
170.72872675357362
181.00478791997455
158.85819990204226
152.50031912896884
159.8180363128587
153.67434200862448
129.26580919890986
156.25137804996285
136.15422571094948
116.00498101658376
124.18938822264367
152.59594499263923
103.89486568859117
140.74372407146444
169.52568879317963
123.31749649055236
103.7916606080893
183.17127430945422
157.27102080873547
161.57161756809444
169.01156351473915
188.1467092155932
113.4279541505421
187.00361967262722
107.32404585617816
162.91119248666737
113.62368261216146
112.43598742216312
116.92072335514695
180.1678791842748
184.8097962588786
117.51203778477333
140.4968962197286
149.0997726689782
161.58899492653586
103.13914936250893
150.21275581509965
180.75678767929443
136.5150593119196
184.65698817816812
134.76536446736768
178.63785477529706
155.13816834772018
131.36317223623337
129.04077094298583
105.31339286222965
158.61844656683076
175.36085763577634
186.67888267441919
111.57798593311094
169.40638631892284
193.64975690018002
146.37204701964816
165.89271841793686
148.78960790391307
113.96410800557943
183.83150701487068
188.77106449845886
129.03114096004683
107.06820613521467
173.09426489765153
179.2817899549782
137.37526077663028
106.05204806161748
103.20605896448329
118.98688538539093
184.37264772378853
136.62678038069288
109.30457864674827
152.40203545127358
184.77743402782767
151.50157035880306
180.74017260060873
172.46167278144907
115.69447324410092
136.63060741517128
103.10969794247977
184.4902419682437
193.70599296587778
197.45099159150521
175.94241021087123
182.82573587206662
170.38248280295528
139.1892265650963
123.26504326843981
150.51120593272344
103.88355976353307
126.89611894715344
180.3865432302918
184.36438952977912
163.280246996422
148.07693780270034
196.9811888572151
155.25519081659456
161.78093318398243
103.61563551631802
143.91213166174788
136.5652405734155
195.2190326524561
121.14904749071054
149.22562091291644
172.5733257881273
182.96117459601447
119.12898760021932
117.35952805661036
112.90498080810288
169.82049597472354
149.51715058771984
104.84800741386451
109.20408226177956
149.6104396958681
112.38985431113555
135.66743399504497
155.8288150184025
113.65019625933259
166.68657012908915
139.85707036827813
157.6439164719011
110.83372513284742
157.91833536800405
190.1611209867159
124.87561818675354
129.8000876468821
145.85907666089528
193.17720094217523
127.51524554447275
178.29360275075896
143.07498293122677
163.85946384794735
189.9019940679662
139.9780632982667
168.60402259789709
175.2129299390177
169.8848563681983
134.77013373904845
180.17981710426568
128.62888133974488
146.35832417653518
195.18272659298557
173.10101194785938
134.54937989420722
133.9858767411182
198.2200167792434
124.17942784923864
128.01234627883528
154.56994429978633
160.04147789449758
115.15720982582725
169.11684479157634
120.79644013155938
108.91314832447533
191.56529027811482
194.56154724014067
129.97657559158804
100.89007136480261
100.20246062946411
193.1475916274847
122.92816086360335
132.22469305611392
101.24644300537763
175.50036629801843
136.28312724307315
132.6717296277333
169.46529471212983
196.2530246142588
165.27755628129313
194.6608046573256
183.07962150602546
165.5477720610192
158.47500896097327
104.73399087970472
148.53297975882592
155.949345736662
185.89351705554202
195.69609718276303
124.76000287030104
170.72826190011338
157.65106503460532
130.60136358141918
191.49872128859928
189.95981594528848
121.51399273534513
163.00102728076556
152.77564719349684
151.99798466263547
134.62725704624108
191.8019447028223
178.89915731266115
159.62175740609052
187.22496464999256
143.63729127256778
168.12881657914343
122.51464871463199
154.2642360631641
170.8261235934653
152.64524933663864
160.72641673615124
164.694872518827
148.79934891612183
182.52723389712833
197.37936970066187
107.47190677922814
193.29547455144717
196.14971548127286
163.11981101846175
138.4376138139019
194.68023373838537
125.74846003987828
119.67856062856185
112.84411326835144
184.42000859186584
192.8541190858528
185.39269515226607
144.55720251087155
107.0397490976939
119.88048087541648
111.65398663072841
184.87659426630245
169.82183905917816
121.35873845213091
115.98775072504816
121.42728599468111
182.05317633245653
141.14163570177007
124.82913543820264
120.72129964524957
175.80347107247454
170.35834673922852
117.05214911882874
176.75855683649735
121.01863215575497
114.98303577101017
187.91999686184568
182.43021227214103
109.1387612524299
181.5870254321036
172.36359574236818
110.50726193373949
181.501193456446
115.17655327839351
176.35840455206528
176.64180938369674
121.46472270120768
153.9751336885658
165.65798649525942
158.07788223749537
112.49191549047688
162.59155099157164
152.2560325863224
158.66324880949088
188.35229693494279
167.22156667316636
100.68679155114602
143.27314309087268
166.15985342737446
144.36344409120767
148.63721431198235
112.90146707503034
158.1341731177063
107.98441102684468
199.33232513319734
155.4444351080933
103.77525272369525
199.15724279128287
196.76867077833273
186.59624416892646
150.56785005732635
106.89314622687822
139.10896346995384
190.29584361584145
138.38198327066823
139.22918593688468
120.41428116760349
178.808428711588
110.41199672505138
119.58549924095966
116.3785210136806
118.79482262824837
181.79737757241122
104.98959701142255
145.84305333932733
111.61638501505557
145.99428962309491
109.97207515291583
146.60781656196153
173.64271510231424
188.51758739002963
172.7700764763543
101.41835909759253
135.47383714495354
107.84882076000974
118.93190469150514
137.99663265914984
167.7581964233434
114.10657365943696
161.49818497216853
105.59661986267432
145.68221245237328
187.50120463903966
126.6420291046334
199.8041483471814
184.2267869878391
130.6468776458185
108.98269926620965
167.16353492374515
111.93059337649632
141.47953687898428
141.7442297828127
171.70198829266315
102.16955479185981
166.8302695161261
113.51261112231006
146.53596866375045
147.85645672675128
170.6292740131378
175.552049151235
185.48199592689195
147.9841322855988
165.26642750793184
161.4729457624096
151.9576582235499
172.58025038572663
109.81023849484332
184.50121544969124
195.44689076205117
186.41117361759592
174.5877550518993
186.68058425123047
169.4168334094948
141.16700526808475
108.05377598691476
189.04661568453417
138.81189293332423
190.8793668435886
118.92845996893638
132.1431448675032
150.1138857246251
145.96804663280216
104.25828908003496
102.20890329488297
112.44545948395384
157.58215628067506
112.35603364666797
109.9441159884511
104.30721036515422
115.79598246741376
128.50120357464652
